radius <- 1000

peak_morning = 7:10
peak_evening = 16:19